<!DOCTYPE HTML>
<html>
  <head>
    <meta charset="UTF-8">
    <title>TOMTOM</title>
    <script>
      // @JSON_VAR data
      var data = {
        "program": "Tomtom",
        "version": "4.12.0",
        "release": "Tue Jun 27 16:22:50 2017 -0700",
        "cmd": [
          "tomtom", "-no-ssc", "-oc", ".", "-verbosity", "1", "-min-overlap",
          "5", "-dist", "pearson", "-evalue", "-thresh", "10.0", "meme.html",
          "db/PROKARYOTE/collectf.meme", "db/PROKARYOTE/prodoric.meme",
          "db/PROKARYOTE/regtransbase.meme", "db/ECOLI/dpinteract.meme"
        ],
        "options": {
          "strands": "both",
          "distance_measure": "pearson",
          "threshold_type": "evalue",
          "threshold_value": 10,
          "background_source": "first_target"
        },
        "alphabet": {
          "name": "DNA",
          "like": "dna",
          "ncore": 4,
          "symbols": [
            {
              "symbol": "A",
              "name": "Adenine",
              "colour": "CC0000",
              "complement": "T"
            }, {
              "symbol": "C",
              "name": "Cytosine",
              "colour": "0000CC",
              "complement": "G"
            }, {
              "symbol": "G",
              "name": "Guanine",
              "colour": "FFB300",
              "complement": "C"
            }, {
              "symbol": "T",
              "aliases": "U",
              "name": "Thymine",
              "colour": "008000",
              "complement": "A"
            }, {
              "symbol": "N",
              "aliases": "X.",
              "name": "Any base",
              "equals": "ACGT"
            }, {
              "symbol": "V",
              "name": "Not T",
              "equals": "ACG"
            }, {
              "symbol": "H",
              "name": "Not G",
              "equals": "ACT"
            }, {
              "symbol": "D",
              "name": "Not C",
              "equals": "AGT"
            }, {
              "symbol": "B",
              "name": "Not A",
              "equals": "CGT"
            }, {
              "symbol": "M",
              "name": "Amino",
              "equals": "AC"
            }, {
              "symbol": "R",
              "name": "Purine",
              "equals": "AG"
            }, {
              "symbol": "W",
              "name": "Weak",
              "equals": "AT"
            }, {
              "symbol": "S",
              "name": "Strong",
              "equals": "CG"
            }, {
              "symbol": "Y",
              "name": "Pyrimidine",
              "equals": "CT"
            }, {
              "symbol": "K",
              "name": "Keto",
              "equals": "GT"
            }
          ]
        },
        "background": [0.208, 0.292, 0.292, 0.208],
        "query_dbs": [
          {
            "source": "meme.html",
            "name": "meme",
            "loaded": 5,
            "excluded": 0,
            "last_modified": "Wed Sep 20 01:22:57 2017"
          }
        ],
        "target_dbs": [
          {
            "source": "db/PROKARYOTE/collectf.meme",
            "name": "collectf",
            "loaded": 84,
            "excluded": 0,
            "last_modified": "Wed Sep 14 18:58:13 2016"
          }, {
            "source": "db/PROKARYOTE/prodoric.meme",
            "name": "prodoric",
            "loaded": 201,
            "excluded": 0,
            "last_modified": "Wed Sep 14 18:58:13 2016"
          }, {
            "source": "db/PROKARYOTE/regtransbase.meme",
            "name": "regtransbase",
            "loaded": 141,
            "excluded": 0,
            "last_modified": "Wed Sep 14 18:58:13 2016"
          }, {
            "source": "db/ECOLI/dpinteract.meme",
            "name": "dpinteract",
            "loaded": 68,
            "excluded": 0,
            "last_modified": "Wed Sep 14 19:01:15 2016"
          }
        ],
        "queries": [
          {
            "db": 0,
            "id": "1",
            "alt": "MEME",
            "len": 40,
            "nsites": 9,
            "evalue": "1.7e-019",
            "pwm": [
              [0.00228572, 0.442769, 0.55266, 0.00228572], 
              [0.551737, 0.222989, 0.222989, 0.00228572], 
              [0.00228572, 0.00320879, 0.332879, 0.661627], 
              [0.112176, 0.442769, 0.332879, 0.112176], 
              [0.881407, 0.00320879, 0.113099, 0.00228572], 
              [0.331956, 0.113099, 0.55266, 0.00228572], 
              [0.00228572, 0.222989, 0.77244, 0.00228572], 
              [0.441846, 0.222989, 0.332879, 0.00228572], 
              [0.881407, 0.00320879, 0.113099, 0.00228572], 
              [0.881407, 0.00320879, 0.00320879, 0.112176], 
              [0.771517, 0.00320879, 0.222989, 0.00228572], 
              [0.00228572, 0.113099, 0.77244, 0.112176], 
              [0.112176, 0.113099, 0.113099, 0.661627], 
              [0.00228572, 0.113099, 0.55266, 0.331956], 
              [0.00228572, 0.332879, 0.222989, 0.441846], 
              [0.00228572, 0.442769, 0.55266, 0.00228572], 
              [0.112176, 0.222989, 0.113099, 0.551737], 
              [0.00228572, 0.332879, 0.55266, 0.112176], 
              [0.00228572, 0.88233, 0.113099, 0.00228572], 
              [0.00228572, 0.332879, 0.66255, 0.00228572], 
              [0.00228572, 0.00320879, 0.99222, 0.00228572], 
              [0.331956, 0.113099, 0.113099, 0.441846], 
              [0.00228572, 0.00320879, 0.113099, 0.881407], 
              [0.00228572, 0.222989, 0.00320879, 0.771517], 
              [0.00228572, 0.00320879, 0.00320879, 0.991297], 
              [0.00228572, 0.99222, 0.00320879, 0.00228572], 
              [0.00228572, 0.66255, 0.332879, 0.00228572], 
              [0.222066, 0.00320879, 0.77244, 0.00228572], 
              [0.00228572, 0.66255, 0.00320879, 0.331956], 
              [0.00228572, 0.88233, 0.113099, 0.00228572], 
              [0.00228572, 0.77244, 0.00320879, 0.222066], 
              [0.222066, 0.00320879, 0.77244, 0.00228572], 
              [0.00228572, 0.99222, 0.00320879, 0.00228572], 
              [0.881407, 0.00320879, 0.113099, 0.00228572], 
              [0.00228572, 0.332879, 0.00320879, 0.661627], 
              [0.00228572, 0.99222, 0.00320879, 0.00228572], 
              [0.00228572, 0.99222, 0.00320879, 0.00228572], 
              [0.00228572, 0.66255, 0.00320879, 0.331956], 
              [0.00228572, 0.00320879, 0.99222, 0.00228572], 
              [0.00228572, 0.99222, 0.00320879, 0.00228572]
            ]
          }, {
            "db": 0,
            "id": "2",
            "alt": "MEME",
            "len": 21,
            "nsites": 48,
            "evalue": "1.3e-019",
            "pwm": [
              [0.166753, 0.000607068, 0.000607068, 0.832033], 
              [0.0212221, 0.000607068, 0.0421874, 0.935983], 
              [0.229123, 0.499568, 0.000607068, 0.270702], 
              [0.832033, 0.000607068, 0.0213968, 0.145962], 
              [0.166753, 0.437198, 0.0837668, 0.312283], 
              [0.270702, 0.457987, 0.104558, 0.166753], 
              [0.104383, 0.374827, 0.166928, 0.353863], 
              [0.145962, 0.0629771, 0.270877, 0.520183], 
              [0.0212221, 0.457987, 0.104558, 0.416233], 
              [0.0420128, 0.291668, 0.312457, 0.353863], 
              [0.291493, 0.0421874, 0.561938, 0.104383], 
              [0.0628025, 0.000607068, 0.000607068, 0.935983], 
              [0.0212221, 0.000607068, 0.000607068, 0.977564], 
              [0.353863, 0.603518, 0.000607068, 0.0420128], 
              [0.894403, 0.000607068, 0.0837668, 0.0212221], 
              [0.145962, 0.270877, 0.312457, 0.270702], 
              [0.145962, 0.395617, 0.457987, 0.000432433], 
              [0.603343, 0.208507, 0.000607068, 0.187543], 
              [0.333072, 0.0213968, 0.000607068, 0.644923], 
              [0.291493, 0.0213968, 0.312457, 0.374653], 
              [0.333072, 0.0421874, 0.291668, 0.333072]
            ]
          }, {
            "db": 0,
            "id": "3",
            "alt": "MEME",
            "len": 50,
            "nsites": 6,
            "evalue": "5.7e-020",
            "pwm": [
              [0.00340984, 0.00478688, 0.00478688, 0.987016], 
              [0.00340984, 0.988393, 0.00478688, 0.00340984], 
              [0.331278, 0.49659, 0.168722, 0.00340984], 
              [0.00340984, 0.00478688, 0.988393, 0.00340984], 
              [0.00340984, 0.00478688, 0.988393, 0.00340984], 
              [0.00340984, 0.660525, 0.00478688, 0.331278], 
              [0.495213, 0.00478688, 0.332655, 0.167345], 
              [0.00340984, 0.988393, 0.00478688, 0.00340984], 
              [0.00340984, 0.988393, 0.00478688, 0.00340984], 
              [0.167345, 0.00478688, 0.824459, 0.00340984], 
              [0.495213, 0.00478688, 0.332655, 0.167345], 
              [0.659148, 0.168722, 0.168722, 0.00340984], 
              [0.167345, 0.00478688, 0.49659, 0.331278], 
              [0.00340984, 0.00478688, 0.00478688, 0.987016], 
              [0.00340984, 0.660525, 0.332655, 0.00340984], 
              [0.987016, 0.00478688, 0.00478688, 0.00340984], 
              [0.659148, 0.00478688, 0.00478688, 0.331278], 
              [0.00340984, 0.00478688, 0.988393, 0.00340984], 
              [0.495213, 0.332655, 0.168722, 0.00340984], 
              [0.00340984, 0.00478688, 0.49659, 0.495213], 
              [0.00340984, 0.988393, 0.00478688, 0.00340984], 
              [0.331278, 0.00478688, 0.660525, 0.00340984], 
              [0.659148, 0.332655, 0.00478688, 0.00340984], 
              [0.00340984, 0.988393, 0.00478688, 0.00340984], 
              [0.00340984, 0.332655, 0.660525, 0.00340984], 
              [0.00340984, 0.00478688, 0.988393, 0.00340984], 
              [0.167345, 0.332655, 0.332655, 0.167345], 
              [0.331278, 0.00478688, 0.660525, 0.00340984], 
              [0.823082, 0.00478688, 0.00478688, 0.167345], 
              [0.823082, 0.00478688, 0.168722, 0.00340984], 
              [0.00340984, 0.00478688, 0.660525, 0.331278], 
              [0.823082, 0.168722, 0.00478688, 0.00340984], 
              [0.00340984, 0.49659, 0.00478688, 0.495213], 
              [0.00340984, 0.988393, 0.00478688, 0.00340984], 
              [0.00340984, 0.332655, 0.00478688, 0.659148], 
              [0.00340984, 0.660525, 0.00478688, 0.331278], 
              [0.00340984, 0.988393, 0.00478688, 0.00340984], 
              [0.495213, 0.00478688, 0.00478688, 0.495213], 
              [0.00340984, 0.00478688, 0.988393, 0.00340984], 
              [0.987016, 0.00478688, 0.00478688, 0.00340984], 
              [0.167345, 0.00478688, 0.332655, 0.495213], 
              [0.00340984, 0.988393, 0.00478688, 0.00340984], 
              [0.495213, 0.49659, 0.00478688, 0.00340984], 
              [0.167345, 0.00478688, 0.00478688, 0.823082], 
              [0.00340984, 0.332655, 0.660525, 0.00340984], 
              [0.987016, 0.00478688, 0.00478688, 0.00340984], 
              [0.659148, 0.00478688, 0.332655, 0.00340984], 
              [0.00340984, 0.00478688, 0.988393, 0.00340984], 
              [0.331278, 0.00478688, 0.49659, 0.167345], 
              [0.987016, 0.00478688, 0.00478688, 0.00340984]
            ]
          }, {
            "db": 0,
            "id": "4",
            "alt": "MEME",
            "len": 42,
            "nsites": 9,
            "evalue": "1.1e-010",
            "pwm": [
              [0.222066, 0.00320879, 0.222989, 0.551737], 
              [0.00228572, 0.66255, 0.113099, 0.222066], 
              [0.00228572, 0.113099, 0.222989, 0.661627], 
              [0.222066, 0.222989, 0.00320879, 0.551737], 
              [0.551737, 0.00320879, 0.222989, 0.222066], 
              [0.00228572, 0.00320879, 0.00320879, 0.991297], 
              [0.00228572, 0.00320879, 0.55266, 0.441846], 
              [0.00228572, 0.00320879, 0.222989, 0.771517], 
              [0.00228572, 0.00320879, 0.00320879, 0.991297], 
              [0.00228572, 0.442769, 0.00320879, 0.551737], 
              [0.00228572, 0.99222, 0.00320879, 0.00228572], 
              [0.00228572, 0.66255, 0.00320879, 0.331956], 
              [0.00228572, 0.113099, 0.88233, 0.00228572], 
              [0.881407, 0.00320879, 0.113099, 0.00228572], 
              [0.551737, 0.00320879, 0.222989, 0.222066], 
              [0.00228572, 0.00320879, 0.88233, 0.112176], 
              [0.00228572, 0.66255, 0.332879, 0.00228572], 
              [0.331956, 0.442769, 0.222989, 0.00228572], 
              [0.00228572, 0.442769, 0.222989, 0.331956], 
              [0.00228572, 0.00320879, 0.77244, 0.222066], 
              [0.331956, 0.66255, 0.00320879, 0.00228572], 
              [0.771517, 0.00320879, 0.00320879, 0.222066], 
              [0.00228572, 0.00320879, 0.99222, 0.00228572], 
              [0.00228572, 0.00320879, 0.66255, 0.331956], 
              [0.00228572, 0.332879, 0.00320879, 0.661627], 
              [0.00228572, 0.222989, 0.77244, 0.00228572], 
              [0.222066, 0.55266, 0.222989, 0.00228572], 
              [0.222066, 0.77244, 0.00320879, 0.00228572], 
              [0.00228572, 0.00320879, 0.99222, 0.00228572], 
              [0.00228572, 0.55266, 0.222989, 0.222066], 
              [0.00228572, 0.332879, 0.66255, 0.00228572], 
              [0.441846, 0.00320879, 0.442769, 0.112176], 
              [0.661627, 0.332879, 0.00320879, 0.00228572], 
              [0.441846, 0.222989, 0.113099, 0.222066], 
              [0.222066, 0.77244, 0.00320879, 0.00228572], 
              [0.222066, 0.442769, 0.113099, 0.222066], 
              [0.00228572, 0.55266, 0.222989, 0.222066], 
              [0.331956, 0.222989, 0.00320879, 0.441846], 
              [0.00228572, 0.55266, 0.442769, 0.00228572], 
              [0.222066, 0.77244, 0.00320879, 0.00228572], 
              [0.222066, 0.77244, 0.00320879, 0.00228572], 
              [0.00228572, 0.00320879, 0.99222, 0.00228572]
            ]
          }, {
            "db": 0,
            "id": "5",
            "alt": "MEME",
            "len": 41,
            "nsites": 8,
            "evalue": "7.4e-013",
            "pwm": [
              [0.496395, 0.00360494, 0.250519, 0.249481], 
              [0.743309, 0.00360494, 0.250519, 0.0025679], 
              [0.496395, 0.00360494, 0.497432, 0.0025679], 
              [0.496395, 0.250519, 0.250519, 0.0025679], 
              [0.743309, 0.00360494, 0.00360494, 0.249481], 
              [0.743309, 0.00360494, 0.250519, 0.0025679], 
              [0.496395, 0.00360494, 0.497432, 0.0025679], 
              [0.249481, 0.00360494, 0.00360494, 0.743309], 
              [0.0025679, 0.991259, 0.00360494, 0.0025679], 
              [0.496395, 0.250519, 0.250519, 0.0025679], 
              [0.249481, 0.00360494, 0.250519, 0.496395], 
              [0.0025679, 0.497432, 0.497432, 0.0025679], 
              [0.249481, 0.00360494, 0.00360494, 0.743309], 
              [0.249481, 0.00360494, 0.00360494, 0.743309], 
              [0.249481, 0.00360494, 0.00360494, 0.743309], 
              [0.0025679, 0.744346, 0.00360494, 0.249481], 
              [0.743309, 0.250519, 0.00360494, 0.0025679], 
              [0.990222, 0.00360494, 0.00360494, 0.0025679], 
              [0.249481, 0.744346, 0.00360494, 0.0025679], 
              [0.0025679, 0.250519, 0.250519, 0.496395], 
              [0.496395, 0.00360494, 0.00360494, 0.496395], 
              [0.249481, 0.497432, 0.250519, 0.0025679], 
              [0.743309, 0.250519, 0.00360494, 0.0025679], 
              [0.0025679, 0.00360494, 0.250519, 0.743309], 
              [0.249481, 0.00360494, 0.744346, 0.0025679], 
              [0.743309, 0.00360494, 0.00360494, 0.249481], 
              [0.990222, 0.00360494, 0.00360494, 0.0025679], 
              [0.249481, 0.00360494, 0.497432, 0.249481], 
              [0.0025679, 0.250519, 0.250519, 0.496395], 
              [0.249481, 0.250519, 0.00360494, 0.496395], 
              [0.249481, 0.00360494, 0.00360494, 0.743309], 
              [0.0025679, 0.497432, 0.497432, 0.0025679], 
              [0.496395, 0.00360494, 0.250519, 0.249481], 
              [0.990222, 0.00360494, 0.00360494, 0.0025679], 
              [0.249481, 0.00360494, 0.497432, 0.249481], 
              [0.0025679, 0.00360494, 0.991259, 0.0025679], 
              [0.0025679, 0.00360494, 0.250519, 0.743309], 
              [0.0025679, 0.00360494, 0.250519, 0.743309], 
              [0.0025679, 0.497432, 0.250519, 0.249481], 
              [0.496395, 0.00360494, 0.497432, 0.0025679], 
              [0.249481, 0.744346, 0.00360494, 0.0025679]
            ]
          }
        ],
        "targets": [
          {
            "db": 0,
            "id": "EXPREG_00000200",
            "alt": "GlnR_S.erythraea",
            "len": 16,
            "nsites": 34,
            "url": "http://www.collectf.org/EXPREG_00000200",
            "pwm": [
              [0.0592615, 0.118158, 0.294112, 0.528469], 
              [0.117912, 0.264786, 0.206135, 0.411167], 
              [0.58712, 0.294112, 0.000856304, 0.117912], 
              [0.85105, 0.000856304, 0.0888326, 0.0592615], 
              [0.000609971, 0.968598, 0.0301821, 0.000609971], 
              [0.381842, 0.147484, 0.411414, 0.0592615], 
              [0.176563, 0.352762, 0.23546, 0.235214], 
              [0.0299357, 0.323437, 0.206135, 0.440492], 
              [0.0299357, 0.411414, 0.206135, 0.352516], 
              [0.117912, 0.528716, 0.323437, 0.0299357], 
              [0.293865, 0.382088, 0.294112, 0.0299357], 
              [0.0592615, 0.0301821, 0.82197, 0.0885862], 
              [0.616446, 0.147484, 0.0595078, 0.176563], 
              [0.821724, 0.0888326, 0.0301821, 0.0592615], 
              [0.909701, 0.000856304, 0.0301821, 0.0592615], 
              [0.117912, 0.851296, 0.000856304, 0.0299357]
            ]
          }, {
            "db": 0,
            "id": "EXPREG_00000340",
            "alt": "Fur_H.pylori",
            "len": 48,
            "nsites": 23,
            "url": "http://www.collectf.org/EXPREG_00000340",
            "pwm": [
              [0.433801, 0.0445539, 0.0445539, 0.477091], 
              [0.130771, 0.131134, 0.347584, 0.39051], 
              [0.303931, 0.217714, 0.131134, 0.347221], 
              [0.477091, 0.0878446, 0.0878446, 0.347221], 
              [0.260641, 0.261005, 0.0878446, 0.39051], 
              [0.563671, 0.00126407, 0.0878446, 0.347221], 
              [0.260641, 0.174424, 0.131134, 0.433801], 
              [0.39051, 0.0878446, 0.00126407, 0.520381], 
              [0.563671, 0.0878446, 0.00126407, 0.347221], 
              [0.087481, 0.0878446, 0.0445539, 0.780122], 
              [0.606961, 0.0878446, 0.304295, 0.000900434], 
              [0.866701, 0.00126407, 0.00126407, 0.130771], 
              [0.260641, 0.00126407, 0.00126407, 0.736831], 
              [0.650251, 0.00126407, 0.00126407, 0.347221], 
              [0.823411, 0.0878446, 0.0445539, 0.0441902], 
              [0.0441902, 0.0878446, 0.131134, 0.736831], 
              [0.21735, 0.434165, 0.00126407, 0.347221], 
              [0.823411, 0.00126407, 0.0445539, 0.130771], 
              [0.130771, 0.00126407, 0.00126407, 0.866701], 
              [0.000900434, 0.0445539, 0.131134, 0.823411], 
              [0.520381, 0.00126407, 0.00126407, 0.477091], 
              [0.087481, 0.00126407, 0.00126407, 0.909991], 
              [0.0441902, 0.0878446, 0.00126407, 0.866701], 
              [0.909991, 0.00126407, 0.0878446, 0.000900434], 
              [0.477091, 0.0878446, 0.131134, 0.303931], 
              [0.563671, 0.0445539, 0.0445539, 0.347221], 
              [0.693541, 0.00126407, 0.174424, 0.130771], 
              [0.39051, 0.261005, 0.0445539, 0.303931], 
              [0.433801, 0.0445539, 0.0445539, 0.477091], 
              [0.477091, 0.0445539, 0.131134, 0.347221], 
              [0.433801, 0.0445539, 0.304295, 0.21735], 
              [0.303931, 0.347584, 0.0445539, 0.303931], 
              [0.39051, 0.0878446, 0.131134, 0.39051], 
              [0.260641, 0.0445539, 0.261005, 0.433801], 
              [0.303931, 0.304295, 0.261005, 0.130771], 
              [0.477091, 0.0445539, 0.217714, 0.260641], 
              [0.433801, 0.0445539, 0.131134, 0.39051], 
              [0.520381, 0.0445539, 0.0445539, 0.39051], 
              [0.347221, 0.131134, 0.174424, 0.347221], 
              [0.477091, 0.0878446, 0.00126407, 0.433801], 
              [0.477091, 0.174424, 0.174424, 0.174061], 
              [0.477091, 0.131134, 0.131134, 0.260641], 
              [0.477091, 0.131134, 0.0878446, 0.303931], 
              [0.260641, 0.131134, 0.217714, 0.39051], 
              [0.174061, 0.174424, 0.174424, 0.477091], 
              [0.21735, 0.0878446, 0.261005, 0.433801], 
              [0.260641, 0.174424, 0.0445539, 0.520381], 
              [0.21735, 0.0878446, 0.174424, 0.520381]
            ]
          }, {
            "db": 0,
            "id": "EXPREG_000004b0",
            "alt": "PvdS_P.aeruginosa",
            "len": 24,
            "nsites": 21,
            "url": "http://www.collectf.org/EXPREG_000004b0",
            "pwm": [
              [0.948853, 0.0487772, 0.00138389, 0.000985783], 
              [0.000985783, 0.949251, 0.0487772, 0.000985783], 
              [0.000985783, 0.00138389, 0.996645, 0.000985783], 
              [0.474919, 0.0961705, 0.190957, 0.237952], 
              [0.6171, 0.0961705, 0.190957, 0.0957724], 
              [0.143166, 0.190957, 0.475317, 0.190559], 
              [0.332739, 0.333137, 0.190957, 0.143166], 
              [0.380132, 0.190957, 0.190957, 0.237952], 
              [0.237952, 0.23835, 0.285744, 0.237952], 
              [0.190559, 0.333137, 0.427924, 0.0483791], 
              [0.237952, 0.333137, 0.333137, 0.0957724], 
              [0.237952, 0.427924, 0.285744, 0.0483791], 
              [0.190559, 0.190957, 0.427924, 0.190559], 
              [0.143166, 0.38053, 0.427924, 0.0483791], 
              [0.0957724, 0.475317, 0.427924, 0.000985783], 
              [0.143166, 0.143564, 0.475317, 0.237952], 
              [0.237952, 0.23835, 0.427924, 0.0957724], 
              [0.474919, 0.23835, 0.190957, 0.0957724], 
              [0.427526, 0.0487772, 0.285744, 0.237952], 
              [0.711887, 0.0961705, 0.0961705, 0.0957724], 
              [0.143166, 0.0961705, 0.00138389, 0.75928], 
              [0.000985783, 0.00138389, 0.0961705, 0.90146], 
              [0.000985783, 0.0961705, 0.0487772, 0.854066], 
              [0.806673, 0.0487772, 0.0961705, 0.0483791]
            ]
          }, {
            "db": 0,
            "id": "EXPREG_000004d0",
            "alt": "AmrZ_P.aeruginosa",
            "len": 24,
            "nsites": 363,
            "url": "http://www.collectf.org/EXPREG_000004d0",
            "pwm": [
              [0.170809, 0.303027, 0.391158, 0.135006], 
              [0.195595, 0.247946, 0.256208, 0.30025], 
              [0.203858, 0.209389, 0.407681, 0.179071], 
              [0.195595, 0.407681, 0.305781, 0.0909412], 
              [0.168055, 0.283749, 0.231422, 0.316774], 
              [0.297496, 0.198373, 0.3526, 0.151531], 
              [0.0689093, 0.297519, 0.462763, 0.170809], 
              [0.0165817, 0.859348, 0.0579155, 0.0661551], 
              [0.548115, 0.184603, 0.170832, 0.0964497], 
              [0.223136, 0.242438, 0.457254, 0.077171], 
              [0.484772, 0.154308, 0.0882101, 0.272709], 
              [0.250677, 0.0661782, 0.146046, 0.537099], 
              [0.0275977, 0.471025, 0.2507, 0.250677], 
              [0.0110732, 0.0055889, 0.983281, 5.72845e-05], 
              [0.0551381, 0.881381, 0.0551612, 0.00831901], 
              [0.00556577, 0.889642, 0.0303751, 0.0744168], 
              [0.845554, 0.00834214, 0.118505, 0.0275977], 
              [0.0165817, 0.168078, 0.300273, 0.515067], 
              [0.00831901, 0.862102, 0.0579155, 0.0716626], 
              [0.638999, 0.0744399, 0.239683, 0.0468764], 
              [0.209366, 0.239683, 0.261716, 0.289234], 
              [0.0936955, 0.407681, 0.261716, 0.236907], 
              [0.209366, 0.267225, 0.330568, 0.192841], 
              [0.170809, 0.294765, 0.2507, 0.283726]
            ]
          }, {
            "db": 0,
            "id": "EXPREG_00000800",
            "alt": "ArcA_E.coli",
            "len": 21,
            "nsites": 66,
            "url": "http://www.collectf.org/EXPREG_00000800",
            "pwm": [
              [0.469301, 0.045828, 0.000441755, 0.484429], 
              [0.1516, 0.045828, 0.0760851, 0.726487], 
              [0.0154438, 0.000441755, 0.938415, 0.0457009], 
              [0.0305718, 0.0306989, 0.000441755, 0.938288], 
              [0.212115, 0.0155708, 0.0155708, 0.756745], 
              [0.892901, 0.000441755, 0.0609561, 0.0457009], 
              [0.605459, 0.227371, 0.0155708, 0.1516], 
              [0.393658, 0.151728, 0.106342, 0.348272], 
              [0.423915, 0.0306989, 0.227371, 0.318015], 
              [0.560073, 0.166857, 0.045828, 0.227244], 
              [0.605459, 0.0912132, 0.0306989, 0.272629], 
              [0.408787, 0.0306989, 0.197114, 0.363401], 
              [0.0759581, 0.197114, 0.0609561, 0.665973], 
              [0.0910861, 0.000441755, 0.8779, 0.0305718], 
              [0.0457009, 0.000441755, 0.000441755, 0.953416], 
              [0.16673, 0.000441755, 0.12147, 0.711358], 
              [0.787002, 0.0306989, 0.0912132, 0.0910861], 
              [0.59033, 0.272756, 0.0155708, 0.121343], 
              [0.484429, 0.136599, 0.242499, 0.136472], 
              [0.423915, 0.0912132, 0.181985, 0.302886], 
              [0.499558, 0.136599, 0.166857, 0.196987]
            ]
          }, {
            "db": 0,
            "id": "EXPREG_00000870",
            "alt": "RutR_E.coli",
            "len": 16,
            "nsites": 19,
            "url": "http://www.collectf.org/EXPREG_00000870",
            "pwm": [
              [0.262869, 0.158597, 0.00152879, 0.577005], 
              [0.158157, 0.00152879, 0.00152879, 0.838785], 
              [0.0534454, 0.106241, 0.786869, 0.0534454], 
              [0.943497, 0.00152879, 0.0538852, 0.00108901], 
              [0.00108901, 0.996293, 0.00152879, 0.00108901], 
              [0.0534454, 0.734513, 0.00152879, 0.210513], 
              [0.734073, 0.00152879, 0.263309, 0.00108901], 
              [0.158157, 0.158597, 0.263309, 0.419938], 
              [0.210513, 0.315664, 0.0538852, 0.419938], 
              [0.105801, 0.263309, 0.0538852, 0.577005], 
              [0.105801, 0.106241, 0.734513, 0.0534454], 
              [0.00108901, 0.00152879, 0.891581, 0.105801], 
              [0.0534454, 0.0538852, 0.00152879, 0.891142], 
              [0.105801, 0.786869, 0.00152879, 0.105801], 
              [0.419938, 0.315664, 0.210953, 0.0534454], 
              [0.577005, 0.0538852, 0.315664, 0.0534454]
            ]
          }, {
            "db": 0,
            "id": "EXPREG_000008c0",
            "alt": "CtrA_C.crescentus",
            "len": 22,
            "nsites": 13,
            "url": "http://www.collectf.org/EXPREG_000008c0",
            "pwm": [
              [0.00158779, 0.536581, 0.383908, 0.0779236], 
              [0.00158779, 0.0785648, 0.154901, 0.764947], 
              [0.00158779, 0.00222901, 0.00222901, 0.993954], 
              [0.841283, 0.00222901, 0.0785648, 0.0779236], 
              [0.917618, 0.00222901, 0.0785648, 0.00158779], 
              [0.154259, 0.383908, 0.0785648, 0.383267], 
              [0.0779236, 0.154901, 0.536581, 0.230595], 
              [0.0779236, 0.307572, 0.231236, 0.383267], 
              [0.0779236, 0.536581, 0.0785648, 0.306931], 
              [0.0779236, 0.383908, 0.0785648, 0.459603], 
              [0.154259, 0.00222901, 0.307572, 0.535939], 
              [0.306931, 0.154901, 0.460244, 0.0779236], 
              [0.00158779, 0.0785648, 0.00222901, 0.917618], 
              [0.154259, 0.00222901, 0.00222901, 0.841283], 
              [0.917618, 0.00222901, 0.0785648, 0.00158779], 
              [0.993954, 0.00222901, 0.00222901, 0.00158779], 
              [0.00158779, 0.689252, 0.00222901, 0.306931], 
              [0.230595, 0.612916, 0.154901, 0.00158779], 
              [0.612275, 0.154901, 0.0785648, 0.154259], 
              [0.306931, 0.231236, 0.00222901, 0.459603], 
              [0.230595, 0.00222901, 0.536581, 0.230595], 
              [0.230595, 0.0785648, 0.460244, 0.230595]
            ]
          }, {
            "db": 0,
            "id": "EXPREG_000009e0",
            "alt": "RpoN_S.enterica",
            "len": 18,
            "nsites": 70,
            "url": "http://www.collectf.org/EXPREG_000009e0",
            "pwm": [
              [0.0430926, 0.0860083, 0.000416548, 0.870483], 
              [0.000296719, 0.000416548, 0.99899, 0.000296719], 
              [0.000296719, 0.000416548, 0.984724, 0.0145623], 
              [0.028827, 0.927663, 0.000416548, 0.0430926], 
              [0.841951, 0.0717437, 0.0860083, 0.000296719], 
              [0.0430926, 0.442642, 0.057478, 0.456788], 
              [0.285603, 0.057478, 0.613826, 0.0430926], 
              [0.456788, 0.200131, 0.171601, 0.171481], 
              [0.35693, 0.214397, 0.0860083, 0.342665], 
              [0.271339, 0.0717437, 0.100274, 0.556645], 
              [0.242807, 0.171601, 0.200131, 0.38546], 
              [0.157216, 0.128804, 0.0432124, 0.670768], 
              [0.000296719, 0.057478, 0.0146822, 0.927543], 
              [0.0145623, 0.0146822, 0.884867, 0.0858884], 
              [0.0716238, 0.842071, 0.000416548, 0.0858884], 
              [0.542379, 0.157335, 0.0432124, 0.257073], 
              [0.38546, 0.157335, 0.0432124, 0.413992], 
              [0.228542, 0.100274, 0.257193, 0.413992]
            ]
          }, {
            "db": 0,
            "id": "EXPREG_00001280",
            "alt": "ArcA_S.oneidensis",
            "len": 15,
            "nsites": 20,
            "url": "http://www.collectf.org/EXPREG_00001280",
            "pwm": [
              [0.00103483, 0.00145274, 0.946726, 0.0507861], 
              [0.00103483, 0.00145274, 0.00145274, 0.99606], 
              [0.150289, 0.00145274, 0.051204, 0.797055], 
              [0.946308, 0.00145274, 0.051204, 0.00103483], 
              [0.846806, 0.051204, 0.00145274, 0.100537], 
              [0.249791, 0.150706, 0.051204, 0.548299], 
              [0.349294, 0.051204, 0.00145274, 0.59805], 
              [0.697552, 0.100955, 0.100955, 0.100537], 
              [0.846806, 0.00145274, 0.100955, 0.0507861], 
              [0.647801, 0.00145274, 0.051204, 0.299542], 
              [0.00103483, 0.051204, 0.00145274, 0.946308], 
              [0.00103483, 0.00145274, 0.946726, 0.0507861], 
              [0.100537, 0.00145274, 0.00145274, 0.896557], 
              [0.20004, 0.051204, 0.051204, 0.697552], 
              [0.846806, 0.00145274, 0.051204, 0.100537]
            ]
          }, {
            "db": 0,
            "id": "EXPREG_00001610",
            "alt": "PsrA_P.aeruginosa",
            "len": 14,
            "nsites": 11,
            "url": "http://www.collectf.org/EXPREG_00001610",
            "pwm": [
              [0.00187388, 0.723352, 0.272901, 0.00187388], 
              [0.992865, 0.00263063, 0.00263063, 0.00187388], 
              [0.902775, 0.00263063, 0.00263063, 0.0919639], 
              [0.992865, 0.00263063, 0.00263063, 0.00187388], 
              [0.00187388, 0.993622, 0.00263063, 0.00187388], 
              [0.00187388, 0.0927206, 0.903532, 0.00187388], 
              [0.00187388, 0.543172, 0.00263063, 0.452324], 
              [0.0919639, 0.362991, 0.00263063, 0.542415], 
              [0.00187388, 0.272901, 0.0927206, 0.632505], 
              [0.00187388, 0.00263063, 0.993622, 0.00187388], 
              [0.0919639, 0.00263063, 0.00263063, 0.902775], 
              [0.00187388, 0.00263063, 0.00263063, 0.992865], 
              [0.00187388, 0.00263063, 0.00263063, 0.992865], 
              [0.00187388, 0.272901, 0.723352, 0.00187388]
            ]
          }, {
            "db": 0,
            "id": "EXPREG_00001670",
            "alt": "VqsM_P.aeruginosa",
            "len": 17,
            "nsites": 40,
            "url": "http://www.collectf.org/EXPREG_00001670",
            "pwm": [
              [0.0254564, 0.150354, 0.62417, 0.20002], 
              [0.0254564, 0.0256658, 0.948359, 0.000518704], 
              [0.698773, 0.000728179, 0.000728179, 0.299771], 
              [0.000518704, 0.225167, 0.225167, 0.549147], 
              [0.20002, 0.499481, 0.200229, 0.100269], 
              [0.299771, 0.0506035, 0.225167, 0.424459], 
              [0.0753317, 0.374793, 0.200229, 0.349646], 
              [0.20002, 0.324918, 0.125416, 0.349646], 
              [0.0753317, 0.125416, 0.000728179, 0.798524], 
              [0.0254564, 0.848608, 0.000728179, 0.125207], 
              [0.0254564, 0.0506035, 0.898484, 0.0254564], 
              [0.000518704, 0.000728179, 0.973297, 0.0254564], 
              [0.224958, 0.72392, 0.000728179, 0.050394], 
              [0.000518704, 0.948359, 0.0506035, 0.000518704], 
              [0.848399, 0.000728179, 0.0256658, 0.125207], 
              [0.0753317, 0.200229, 0.399731, 0.324708], 
              [0.0254564, 0.349855, 0.474544, 0.150145]
            ]
          }, {
            "db": 0,
            "id": "EXPREG_000016e0",
            "alt": "RpoN_V.cholerae",
            "len": 15,
            "nsites": 68,
            "url": "http://www.collectf.org/EXPREG_000016e0",
            "pwm": [
              [0.0443586, 0.176641, 0.0151132, 0.763889], 
              [0.0296742, 0.000428781, 0.969592, 0.000305433], 
              [0.000305433, 0.000428781, 0.984276, 0.0149898], 
              [0.147148, 0.719959, 0.0151132, 0.11778], 
              [0.807942, 0.0591664, 0.044482, 0.0884109], 
              [0.0590431, 0.514379, 0.0151132, 0.411466], 
              [0.293992, 0.117903, 0.440957, 0.147148], 
              [0.308676, 0.323483, 0.161956, 0.205885], 
              [0.367413, 0.117903, 0.044482, 0.470202], 
              [0.396781, 0.0885342, 0.103219, 0.411466], 
              [0.279307, 0.191324, 0.0151132, 0.514256], 
              [0.176517, 0.044482, 0.0591664, 0.719835], 
              [0.0296742, 0.0151132, 0.0151132, 0.940099], 
              [0.000305433, 0.0151132, 0.954907, 0.0296742], 
              [0.0590431, 0.910855, 0.0297976, 0.000305433]
            ]
          }, {
            "db": 0,
            "id": "EXPREG_000017f0",
            "alt": "HrpX_X.oryzae",
            "len": 25,
            "nsites": 10,
            "url": "http://www.collectf.org/EXPREG_000017f0",
            "pwm": [
              [0.00205941, 0.00289109, 0.00289109, 0.992158], 
              [0.00205941, 0.00289109, 0.00289109, 0.992158], 
              [0.00205941, 0.99299, 0.00289109, 0.00205941], 
              [0.00205941, 0.00289109, 0.99299, 0.00205941], 
              [0.00205941, 0.69596, 0.101901, 0.200079], 
              [0.200079, 0.398931, 0.00289109, 0.398099], 
              [0.398099, 0.101901, 0.101901, 0.398099], 
              [0.299089, 0.101901, 0.299921, 0.299089], 
              [0.200079, 0.299921, 0.299921, 0.200079], 
              [0.101069, 0.398931, 0.299921, 0.200079], 
              [0.101069, 0.398931, 0.497941, 0.00205941], 
              [0.299089, 0.200911, 0.200911, 0.299089], 
              [0.101069, 0.398931, 0.398931, 0.101069], 
              [0.497109, 0.101901, 0.200911, 0.200079], 
              [0.200079, 0.79497, 0.00289109, 0.00205941], 
              [0.398099, 0.101901, 0.398931, 0.101069], 
              [0.00205941, 0.299921, 0.398931, 0.299089], 
              [0.200079, 0.200911, 0.200911, 0.398099], 
              [0.398099, 0.00289109, 0.299921, 0.299089], 
              [0.200079, 0.299921, 0.200911, 0.299089], 
              [0.00205941, 0.00289109, 0.00289109, 0.992158], 
              [0.00205941, 0.00289109, 0.200911, 0.794139], 
              [0.00205941, 0.99299, 0.00289109, 0.00205941], 
              [0.200079, 0.00289109, 0.69596, 0.101069], 
              [0.00205941, 0.299921, 0.398931, 0.299089]
            ]
          }, {
            "db": 1,
            "id": "MX000023",
            "alt": "ComK",
            "len": 13,
            "nsites": 20,
            "url": "http://prodoric.tu-bs.de/matrix.php?matrix_acc=MX000023",
            "pwm": [
              [0.99606, 0.00145274, 0.00145274, 0.00103483], 
              [0.797055, 0.00145274, 0.051204, 0.150289], 
              [0.896557, 0.00145274, 0.00145274, 0.100537], 
              [0.797055, 0.051204, 0.051204, 0.100537], 
              [0.150289, 0.29996, 0.100955, 0.448796], 
              [0.349294, 0.250209, 0.200458, 0.20004], 
              [0.299542, 0.200458, 0.250209, 0.249791], 
              [0.0507861, 0.29996, 0.399463, 0.249791], 
              [0.349294, 0.100955, 0.29996, 0.249791], 
              [0.0507861, 0.00145274, 0.00145274, 0.946308], 
              [0.0507861, 0.00145274, 0.00145274, 0.946308], 
              [0.0507861, 0.051204, 0.00145274, 0.896557], 
              [0.00103483, 0.150706, 0.00145274, 0.846806]
            ]
          }, {
            "db": 1,
            "id": "MX000025",
            "alt": "DinR/LexA",
            "len": 14,
            "nsites": 8,
            "url": "http://prodoric.tu-bs.de/matrix.php?matrix_acc=MX000025",
            "pwm": [
              [0.0025679, 0.991259, 0.00360494, 0.0025679], 
              [0.0025679, 0.00360494, 0.991259, 0.0025679], 
              [0.990222, 0.00360494, 0.00360494, 0.0025679], 
              [0.990222, 0.00360494, 0.00360494, 0.0025679], 
              [0.0025679, 0.867802, 0.00360494, 0.126025], 
              [0.619852, 0.127062, 0.127062, 0.126025], 
              [0.249481, 0.127062, 0.00360494, 0.619852], 
              [0.496395, 0.00360494, 0.250519, 0.249481], 
              [0.249481, 0.373975, 0.00360494, 0.372938], 
              [0.126025, 0.00360494, 0.867802, 0.0025679], 
              [0.0025679, 0.00360494, 0.00360494, 0.990222], 
              [0.0025679, 0.00360494, 0.00360494, 0.990222], 
              [0.0025679, 0.620889, 0.00360494, 0.372938], 
              [0.0025679, 0.250519, 0.497432, 0.249481]
            ]
          }, {
            "db": 1,
            "id": "MX000031",
            "alt": "PhoP",
            "len": 17,
            "nsites": 8,
            "url": "http://prodoric.tu-bs.de/matrix.php?matrix_acc=MX000031",
            "pwm": [
              [0.0025679, 0.00360494, 0.373975, 0.619852], 
              [0.126025, 0.00360494, 0.867802, 0.0025679], 
              [0.0025679, 0.00360494, 0.127062, 0.866765], 
              [0.0025679, 0.00360494, 0.00360494, 0.990222], 
              [0.0025679, 0.00360494, 0.00360494, 0.990222], 
              [0.990222, 0.00360494, 0.00360494, 0.0025679], 
              [0.0025679, 0.00360494, 0.497432, 0.496395], 
              [0.249481, 0.250519, 0.373975, 0.126025], 
              [0.249481, 0.127062, 0.373975, 0.249481], 
              [0.249481, 0.00360494, 0.127062, 0.619852], 
              [0.126025, 0.250519, 0.00360494, 0.619852], 
              [0.0025679, 0.00360494, 0.497432, 0.496395], 
              [0.126025, 0.00360494, 0.867802, 0.0025679], 
              [0.0025679, 0.00360494, 0.00360494, 0.990222], 
              [0.0025679, 0.00360494, 0.00360494, 0.990222], 
              [0.0025679, 0.00360494, 0.250519, 0.743309], 
              [0.990222, 0.00360494, 0.00360494, 0.0025679]
            ]
          }, {
            "db": 1,
            "id": "MX000033",
            "alt": "AlgU",
            "len": 31,
            "nsites": 9,
            "url": "http://prodoric.tu-bs.de/matrix.php?matrix_acc=MX000033",
            "pwm": [
              [0.112176, 0.113099, 0.332879, 0.441846], 
